type: ring
center: -9.62,1.8286221078873068,-1.345
normal: 0,1,0
radius: 4.366104980798654
elevation_degree: 60.835125245810495
