type: ring
center: -9.62,0.05804069074541185,-1.345
normal: 0,1,0
radius: 4.9554404242480175
elevation_degree: 82.34498205775428
