type: ring
center: -9.62,0.5622470076514,-1.345
normal: 0,1,0
radius: 4.861123526622518
elevation_degree: 76.46440511781975
