type: ring
center: -9.62,-0.3417688780605703,-1.345
normal: 0.0,1.0,0.0
radius: 4.992907068002656
elevation_degree: [86.94777265]
