type: ring
center: -9.62,0.5693773395126077,-1.345
normal: 0,1,0
radius: 4.859401465242629
elevation_degree: 76.38034837206939
