type: ring
center: -9.62,0.39099204805927135,-1.345
normal: 0,1,0
radius: 4.89918512488703
elevation_degree: 78.47482917329211
