type: ring
center: -9.62,1.6997988337585919,-1.345
normal: 0,1,0
radius: 4.435545574436417
elevation_degree: 62.512197716891464
