type: ring
center: -9.101665302403806,1.872989465529315,-1.4595986560687528
normal: 0.45364081828799296,0.788969469675472,-0.4144118529953079
radius: 4.102915548840504
elevation_degree: [62.51219772]
