type: ring
center: -9.580999713886058,1.1402077056090727,-1.4814059433077496
normal: 0.1689760778567352,0.980634778598672,-0.09900765684980103
radius: 4.4850964318304385
elevation_degree: [67.00833408]
